%YAML:1.0
---
calibration_time: "ter 10 nov 2020 05:46:57 -03"
image_width: 640
image_height: 480
flags: 0
camera_matrix: !!opencv-matrix
   rows: 3
   cols: 3
   dt: d
   data: [ 6.6342685403035796e+02, 0., 3.4653682295077300e+02, 0.,
       6.7144291533822400e+02, 2.2725272170417949e+02, 0., 0., 1. ]
cameraMatrixRows: 3
cameraMatrixCols: 3
distortion_coefficients: !!opencv-matrix
   rows: 1
   cols: 5
   dt: d
   data: [ -8.0711042215870854e-01, 7.1733429556182875e+00,
       -1.5673277286453291e-02, 3.1677991541751382e-03,
       -1.5486362932615048e+01 ]
avg_reprojection_error: 0.
rotation vectors:
   - !!opencv-matrix
      rows: 3
      cols: 1
      dt: d
      data: [ 2.8845269446998323e+00, -4.7327403155767783e-03,
          -1.5048002776670955e-01 ]
   - !!opencv-matrix
      rows: 3
      cols: 1
      dt: d
      data: [ 2.8214488466529510e+00, 4.1777952011819872e-02,
          5.2851609082554529e-01 ]
   - !!opencv-matrix
      rows: 3
      cols: 1
      dt: d
      data: [ 2.5419889226316763e+00, 3.0364407838316304e-01,
          -1.0578537560301815e+00 ]
   - !!opencv-matrix
      rows: 3
      cols: 1
      dt: d
      data: [ -2.9661232738968408e+00, -4.9829170892091879e-01,
          -1.7136643575274528e+00 ]
   - !!opencv-matrix
      rows: 3
      cols: 1
      dt: d
      data: [ 2.7839041425776392e+00, -1.3913444949869169e-01,
          -7.0011724902434647e-01 ]
   - !!opencv-matrix
      rows: 3
      cols: 1
      dt: d
      data: [ -3.3124969873602947e+00, -2.2275813780235795e-02,
          -3.4452320728031138e-01 ]
   - !!opencv-matrix
      rows: 3
      cols: 1
      dt: d
      data: [ 2.5710916992928463e+00, -1.2755178444016120e+00,
          5.1135342221566160e-01 ]
   - !!opencv-matrix
      rows: 3
      cols: 1
      dt: d
      data: [ 2.3348048375265829e+00, 1.2902970348658929e+00,
          4.8448474530531770e-02 ]
   - !!opencv-matrix
      rows: 3
      cols: 1
      dt: d
      data: [ -3.0569284341489555e+00, 4.5391065194940246e-02,
          2.2968711334794112e-01 ]
   - !!opencv-matrix
      rows: 3
      cols: 1
      dt: d
      data: [ -2.9912634634282051e+00, 1.2255833719779122e-01,
          9.8402194325261438e-01 ]
   - !!opencv-matrix
      rows: 3
      cols: 1
      dt: d
      data: [ 2.9616256185286871e+00, -2.6189973603359734e-01,
          1.1020881155546656e+00 ]
   - !!opencv-matrix
      rows: 3
      cols: 1
      dt: d
      data: [ 2.8226394032135631e+00, 1.3024896343175696e-01,
          1.5280705222886881e-01 ]
translation vectors:
   - !!opencv-matrix
      rows: 3
      cols: 1
      dt: d
      data: [ -5.9146469349050164e-02, 5.6273626422922440e-02,
          2.1175177262405681e-01 ]
   - !!opencv-matrix
      rows: 3
      cols: 1
      dt: d
      data: [ -1.0636243251148779e-01, 7.0766388112021364e-02,
          2.5031347613173011e-01 ]
   - !!opencv-matrix
      rows: 3
      cols: 1
      dt: d
      data: [ -6.0359992926053055e-02, 7.7717064601054875e-02,
          3.6453017962735718e-01 ]
   - !!opencv-matrix
      rows: 3
      cols: 1
      dt: d
      data: [ -6.7599185629072259e-02, 4.8571080494915257e-02,
          2.8182791754622305e-01 ]
   - !!opencv-matrix
      rows: 3
      cols: 1
      dt: d
      data: [ -5.3619755060139988e-02, 1.2499021948060879e-01,
          4.0126557466345764e-01 ]
   - !!opencv-matrix
      rows: 3
      cols: 1
      dt: d
      data: [ -5.6206714347837437e-02, 1.2787595057849957e-01,
          4.0075986040508427e-01 ]
   - !!opencv-matrix
      rows: 3
      cols: 1
      dt: d
      data: [ -1.0109857692874723e-03, 1.1323816559827971e-01,
          3.1278739669301697e-01 ]
   - !!opencv-matrix
      rows: 3
      cols: 1
      dt: d
      data: [ -4.4592057739568043e-02, -7.9737947797322347e-03,
          3.1994581533933053e-01 ]
   - !!opencv-matrix
      rows: 3
      cols: 1
      dt: d
      data: [ -8.0902179665950882e-02, 5.1343246913192801e-02,
          1.6882721604561987e-01 ]
   - !!opencv-matrix
      rows: 3
      cols: 1
      dt: d
      data: [ -5.5157138919452953e-02, 4.9771638635405457e-02,
          2.3566423119727359e-01 ]
   - !!opencv-matrix
      rows: 3
      cols: 1
      dt: d
      data: [ -4.3165998484849012e-02, 6.1192061497393042e-02,
          1.3997725131350267e-01 ]
   - !!opencv-matrix
      rows: 3
      cols: 1
      dt: d
      data: [ -7.9553834725636374e-02, 3.1532310183949148e-02,
          1.6418249350790629e-01 ]
